1 : [1, 2, 4, -1, 4, -10, 4, -19, 18, -1, -3, -4, 11, 3, -20, 19, -33, 50, 66, -22, -4, -55, 91, 100, -102, 9, 10, 19, -10, 10, 11, 11, -10, -18, 50, 90] 

Enumeration:		[50, 66, -22, -4, -55, 91, 100, -102, 9, 10, 19, -10, 10, 11, 11, -10, -18, 50, 90] , sum: 296
Better Enumeration:	[50, 66, -22, -4, -55, 91, 100, -102, 9, 10, 19, -10, 10, 11, 11, -10, -18, 50, 90] , sum: 296
Divide and Conquer:	sum: 296
Linear-Time:		[50, 66, -22, -4, -55, 91, 100, -102, 9, 10, 19, -10, 10, 11, 11, -10, -18, 50, 90] , sum: 296 

--------------------------------------------
2 : [12, 12, 14, -88, -1, 45, 6, 8, -33, 2, 8, -9, -33, -8, -23, -77, -89, 1, 9, 10, 92, 87] 

Enumeration:		[1, 9, 10, 92, 87] , sum: 199
Better Enumeration:	[1, 9, 10, 92, 87] , sum: 199
Divide and Conquer:	sum: 199
Linear-Time:		[1, 9, 10, 92, 87] , sum: 199 

--------------------------------------------
3 : [565, 78, 33, 9, 10, 84, 71, -4, -22, -55, -10, 76, -9, -9, -11, 76, 89, 11, 10, -33, 9] 

Enumeration:		[565, 78, 33, 9, 10, 84, 71, -4, -22, -55, -10, 76, -9, -9, -11, 76, 89, 11, 10] , sum: 992
Better Enumeration:	[565, 78, 33, 9, 10, 84, 71, -4, -22, -55, -10, 76, -9, -9, -11, 76, 89, 11, 10] , sum: 992
Divide and Conquer:	sum: 992
Linear-Time:		[565, 78, 33, 9, 10, 84, 71, -4, -22, -55, -10, 76, -9, -9, -11, 76, 89, 11, 10] , sum: 992 

--------------------------------------------
4 : [2, 3, 3, 3, 3, 3, 3, 3, 3, 3, 3, 3, 3, 3, 3, 3, 3, 3, 3, 3, 3, 3, 3, 3, 3, 3, 3, 3, 3, 3, 3] 

Enumeration:		[2, 3, 3, 3, 3, 3, 3, 3, 3, 3, 3, 3, 3, 3, 3, 3, 3, 3, 3, 3, 3, 3, 3, 3, 3, 3, 3, 3, 3, 3, 3] , sum: 92
Better Enumeration:	[2, 3, 3, 3, 3, 3, 3, 3, 3, 3, 3, 3, 3, 3, 3, 3, 3, 3, 3, 3, 3, 3, 3, 3, 3, 3, 3, 3, 3, 3, 3] , sum: 92
Divide and Conquer:	sum: 92
Linear-Time:		[2, 3, 3, 3, 3, 3, 3, 3, 3, 3, 3, 3, 3, 3, 3, 3, 3, 3, 3, 3, 3, 3, 3, 3, 3, 3, 3, 3, 3, 3, 3] , sum: 92 

--------------------------------------------
5 : [2] 

Enumeration:		[2] , sum: 2
Better Enumeration:	[2] , sum: 2
Divide and Conquer:	sum: 2
Linear-Time:		[2] , sum: 2 

--------------------------------------------
6 : [-1, -1, -1, -1, -1, -100, -10, -10, 100, 100, 100, 100, -100, 100, 10, -10, -1] 

Enumeration:		[100, 100, 100, 100, -100, 100, 10] , sum: 410
Better Enumeration:	[100, 100, 100, 100, -100, 100, 10] , sum: 410
Divide and Conquer:	sum: 410
Linear-Time:		[100, 100, 100, 100, -100, 100, 10] , sum: 410 

--------------------------------------------
7 : [12, 23, 44, -17, 12, 14, -88, -1, 45, 6, 8, -33, 2, 8, -9, -33, -8, -23, -77, -89, 1, 9, 13, -25, 10, 92, 57, 99, -22] 

Enumeration:		[10, 92, 57, 99] , sum: 258
Better Enumeration:	[10, 92, 57, 99] , sum: 258
Divide and Conquer:	sum: 258
Linear-Time:		[10, 92, 57, 99] , sum: 258 

--------------------------------------------
